1 0
2 0.95007
3 1.48533555309548
4 1.85436120986998
5 2.12837949084686
6 2.34541393314375
7 2.52104919170854
8 2.67206547102908
9 2.79750713800034
10 2.90696719787329
11 3.00231423554035
12 3.08880191760615
13 3.16273728117892
14 3.22999053805941
15 3.29024611450193
16 3.34612637513913
17 3.396942728737
18 3.44242063946479
19 3.48379674108816
20 3.52372880225603
21 3.55942646965545
22 3.59223538289932
23 3.62295395857425
24 3.65122355946073
25 3.67813551810178
26 3.70277488390536
27 3.72709936685365
28 3.74800744188868
29 3.7684106739881
30 3.78756204343983
31 3.80460780044574
32 3.82224620128839
33 3.83848398679248
34 3.85414156664617
35 3.86744080867588
36 3.8809826916828
37 3.89402572340471
38 3.90577024687924
39 3.91793503556863
40 3.92856972611871
41 3.93962939670016
42 3.94923143962795
43 3.95849092325483
44 3.96823927963322
45 3.97637046059737
46 3.98498435215736
47 3.99257079169934
48 4.00033552920508
49 4.00794484599969
50 4.01412484375789
51 4.02219379249578
52 4.02794549903583
53 4.03378893311474
54 4.04021434851695
55 4.04592710255848
56 4.05182902177636
57 4.05663017864025
58 4.06132040392133
59 4.06610382046435
60 4.07136963844945
61 4.07575399797203
62 4.08007477946788
63 4.08390842247059
64 4.08825000162431
65 4.09226963468821
66 4.09654583826998
67 4.10002896806456
68 4.10343413592605
69 4.10745574896832
70 4.11032330708244
71 4.11378780474453
72 4.11687803752626
73 4.12017840847883
74 4.12316978610023
75 4.12578827969259
76 4.12852958478591
77 4.13171783758225
78 4.13406257635267
79 4.13678219872175
80 4.13964108213557
81 4.14171299947605
82 4.14392812628628
83 4.14613118504798
84 4.14884205801561
85 4.15049505434726
86 4.15304663154493
87 4.15490202930722
88 4.15698433226812
89 4.15882218876582
90 4.16124123935827
91 4.16323987344355
92 4.16467014953414
93 4.16654057786578
94 4.16849241756095
95 4.17015790443242
96 4.17179966916441
97 4.17340894770778
98 4.17485237134124
99 4.17675621748444
100 4.17833584900109
